[13214.887038] [Project1] 22778 1588132941.611408969 1588132942.290774465
[13216.220908] [Project1] 22781 1588132942.956594933 1588132943.624602750
[13217.564696] [Project1] 22782 1588132944.290494641 1588132944.968348283
[13218.920112] [Project1] 22783 1588132945.640943158 1588132946.323719814
[13220.314290] [Project1] 22784 1588132947.021460876 1588132947.717854299
[13221.690715] [Project1] 22786 1588132948.409566410 1588132949.094235064
[13223.076974] [Project1] 22788 1588132949.781803515 1588132950.480450090
[13224.420986] [Project1] 22789 1588132951.154988245 1588132951.824419319
[13225.804518] [Project1] 22790 1588132952.513601661 1588132953.207906955
[13227.149295] [Project1] 22791 1588132953.879103114 1588132954.552640884
